model: tam-rl
split_type: IGBP
best_params:
  hidden_dim: 128
  latent_dim: 64
  dropout: 0.2
  lr: 0.0001
  layers: 2
cv_r2_mean: 0.3982460123362265
cv_r2_std: 0.0192948561796528
cv_rmse_mean: 1.7098528679778369
