model: mlp
split_type: IGBP
best_params:
  hidden_dim: 128
  dropout: 0.2
  lr: 0.0005
cv_r2_mean: 0.492509110768636
cv_r2_std: 0.0560642417988571
